#STEPS          TOT_EN          EN_INTER        EN_TC           EN_INTRA(B)     EN_INTRA(NB)    EN_ELECT        EN_REAL         EN_RECIP        TOT_MOL         TOT_DENS        VOLUME          
100000          9999999999      -2405.7949      -215.7692       0.0000          0.0000          9999999999      9999999999      0.0000          157.0000        0.0000          108389.8827     
200000          9999999999      -2076.8803      -194.2995       0.0000          0.0000          9999999999      9999999999      0.0000          157.0000        0.0000          114972.6052     
300000          9999999999      -2140.6386      -194.2995       0.0000          0.0000          9999999999      9999999999      0.0000          157.0000        0.0000          114972.6052     
400000          9999999999      -2119.0670      -194.2995       0.0000          0.0000          9999999999      9999999999      0.0000          157.0000        0.0000          114972.6052     
500000          9999999999      -2116.5870      -194.2995       0.0000          0.0000          9999999999      9999999999      0.0000          157.0000        0.0000          114972.6052     
600000          9999999999      -2070.2414      -194.2995       0.0000          0.0000          9999999999      9999999999      0.0000          157.0000        0.0000          114972.6052     
700000          9999999999      -2069.6569      -194.2995       0.0000          0.0000          9999999999      9999999999      0.0000          157.0000        0.0000          114972.6052     
800000          9999999999      -2115.8232      -194.2995       0.0000          0.0000          9999999999      9999999999      0.0000          157.0000        0.0000          114972.6052     
900000          9999999999      -2147.2074      -194.2995       0.0000          0.0000          9999999999      9999999999      0.0000          157.0000        0.0000          114972.6052     
1000000         9999999999      -2044.6337      -194.2995       0.0000          0.0000          9999999999      9999999999      0.0000          157.0000        0.0000          114972.6052     
1100000         9999999999      -2054.3596      -194.2995       0.0000          0.0000          9999999999      9999999999      0.0000          157.0000        0.0000          114972.6052     
1200000         9999999999      -2051.8810      -194.2995       0.0000          0.0000          9999999999      9999999999      0.0000          157.0000        0.0000          114972.6052     
1300000         9999999999      -2127.2425      -194.2995       0.0000          0.0000          9999999999      9999999999      0.0000          157.0000        0.0000          114972.6052     
1400000         9999999999      -2156.1556      -194.2995       0.0000          0.0000          9999999999      9999999999      0.0000          157.0000        0.0000          114972.6052     
1500000         9999999999      -2142.7479      -194.2995       0.0000          0.0000          9999999999      9999999999      0.0000          157.0000        0.0000          114972.6052     
1600000         9999999999      -2068.9686      -194.2995       0.0000          0.0000          9999999999      9999999999      0.0000          157.0000        0.0000          114972.6052     
1700000         9999999999      -2063.1804      -194.2995       0.0000          0.0000          9999999999      9999999999      0.0000          157.0000        0.0000          114972.6052     
1800000         9999999999      -2116.6288      -194.2995       0.0000          0.0000          9999999999      9999999999      0.0000          157.0000        0.0000          114972.6052     
1900000         9999999999      -2085.2077      -194.2995       0.0000          0.0000          9999999999      9999999999      0.0000          157.0000        0.0000          114972.6052     
2000000         9999999999      -2014.4609      -194.2995       0.0000          0.0000          9999999999      9999999999      0.0000          157.0000        0.0000          114972.6052     
2100000         9999999999      -2099.0035      -194.2995       0.0000          0.0000          9999999999      9999999999      0.0000          157.0000        0.0000          114972.6052     
2200000         9999999999      -2054.1217      -194.2995       0.0000          0.0000          9999999999      9999999999      0.0000          157.0000        0.0000          114972.6052     
2300000         9999999999      -2090.2404      -194.2995       0.0000          0.0000          9999999999      9999999999      0.0000          157.0000        0.0000          114972.6052     
2400000         9999999999      -2062.8431      -194.2995       0.0000          0.0000          9999999999      9999999999      0.0000          157.0000        0.0000          114972.6052     
2500000         9999999999      -2113.5048      -194.2995       0.0000          0.0000          9999999999      9999999999      0.0000          157.0000        0.0000          114972.6052     
2600000         9999999999      -2100.0448      -194.2995       0.0000          0.0000          9999999999      9999999999      0.0000          157.0000        0.0000          114972.6052     
2700000         9999999999      -2117.0147      -194.2995       0.0000          0.0000          9999999999      9999999999      0.0000          157.0000        0.0000          114972.6052     
2800000         9999999999      -2142.6201      -194.2995       0.0000          0.0000          9999999999      9999999999      0.0000          157.0000        0.0000          114972.6052     
2900000         9999999999      -2087.1279      -194.2995       0.0000          0.0000          9999999999      9999999999      0.0000          157.0000        0.0000          114972.6052     
3000000         9999999999      -2131.2650      -194.2995       0.0000          0.0000          9999999999      9999999999      0.0000          157.0000        0.0000          114972.6052     
3100000         9999999999      -2085.5797      -194.2995       0.0000          0.0000          9999999999      9999999999      0.0000          157.0000        0.0000          114972.6052     
3200000         9999999999      -2010.9797      -194.2995       0.0000          0.0000          9999999999      9999999999      0.0000          157.0000        0.0000          114972.6052     
3300000         9999999999      -2095.4968      -194.2995       0.0000          0.0000          9999999999      9999999999      0.0000          157.0000        0.0000          114972.6052     
3400000         9999999999      -2036.5469      -194.2995       0.0000          0.0000          9999999999      9999999999      0.0000          157.0000        0.0000          114972.6052     
3500000         9999999999      -2054.0847      -194.2995       0.0000          0.0000          9999999999      9999999999      0.0000          157.0000        0.0000          114972.6052     
3600000         9999999999      -2081.6546      -194.2995       0.0000          0.0000          9999999999      9999999999      0.0000          157.0000        0.0000          114972.6052     
3700000         9999999999      -2144.0158      -194.2995       0.0000          0.0000          9999999999      9999999999      0.0000          157.0000        0.0000          114972.6052     
3800000         9999999999      -2079.6528      -194.2995       0.0000          0.0000          9999999999      9999999999      0.0000          157.0000        0.0000          114972.6052     
3900000         9999999999      -2136.1748      -194.2995       0.0000          0.0000          9999999999      9999999999      0.0000          157.0000        0.0000          114972.6052     
4000000         9999999999      -2112.4543      -194.2995       0.0000          0.0000          9999999999      9999999999      0.0000          157.0000        0.0000          114972.6052     
4100000         9999999999      -2063.5369      -194.2995       0.0000          0.0000          9999999999      9999999999      0.0000          157.0000        0.0000          114972.6052     
4200000         9999999999      -2067.5639      -194.2995       0.0000          0.0000          9999999999      9999999999      0.0000          157.0000        0.0000          114972.6052     
4300000         9999999999      -2138.3518      -194.2995       0.0000          0.0000          9999999999      9999999999      0.0000          157.0000        0.0000          114972.6052     
4400000         9999999999      -2075.9175      -194.2995       0.0000          0.0000          9999999999      9999999999      0.0000          157.0000        0.0000          114972.6052     
4500000         9999999999      -2077.7237      -194.2995       0.0000          0.0000          9999999999      9999999999      0.0000          157.0000        0.0000          114972.6052     
4600000         9999999999      -2115.8845      -194.2995       0.0000          0.0000          9999999999      9999999999      0.0000          157.0000        0.0000          114972.6052     
4700000         9999999999      -2101.2968      -194.2995       0.0000          0.0000          9999999999      9999999999      0.0000          157.0000        0.0000          114972.6052     
4800000         9999999999      -2184.1404      -194.2995       0.0000          0.0000          9999999999      9999999999      0.0000          157.0000        0.0000          114972.6052     
4900000         9999999999      -2055.1140      -194.2995       0.0000          0.0000          9999999999      9999999999      0.0000          157.0000        0.0000          114972.6052     
5000000         9999999999      -2143.0123      -194.2995       0.0000          0.0000          9999999999      9999999999      0.0000          157.0000        0.0000          114972.6052     
5100000         9999999999      -2045.9356      -194.2995       0.0000          0.0000          9999999999      9999999999      0.0000          157.0000        0.0000          114972.6052     
5200000         9999999999      -2097.5557      -194.2995       0.0000          0.0000          9999999999      9999999999      0.0000          157.0000        0.0000          114972.6052     
5300000         9999999999      -2081.2936      -194.2995       0.0000          0.0000          9999999999      9999999999      0.0000          157.0000        0.0000          114972.6052     
5400000         9999999999      -2086.7056      -194.2995       0.0000          0.0000          9999999999      9999999999      0.0000          157.0000        0.0000          114972.6052     
5500000         9999999999      -2039.8457      -194.2995       0.0000          0.0000          9999999999      9999999999      0.0000          157.0000        0.0000          114972.6052     
5600000         9999999999      -2125.0272      -194.2995       0.0000          0.0000          9999999999      9999999999      0.0000          157.0000        0.0000          114972.6052     
5700000         9999999999      -2069.4558      -194.2995       0.0000          0.0000          9999999999      9999999999      0.0000          157.0000        0.0000          114972.6052     
5800000         9999999999      -2068.8297      -194.2995       0.0000          0.0000          9999999999      9999999999      0.0000          157.0000        0.0000          114972.6052     
5900000         9999999999      -2109.8719      -194.2995       0.0000          0.0000          9999999999      9999999999      0.0000          157.0000        0.0000          114972.6052     
6000000         9999999999      -2042.3290      -194.2995       0.0000          0.0000          9999999999      9999999999      0.0000          157.0000        0.0000          114972.6052     
6100000         9999999999      -2098.7808      -194.2995       0.0000          0.0000          9999999999      9999999999      0.0000          157.0000        0.0000          114972.6052     
6200000         9999999999      -2097.5144      -194.2995       0.0000          0.0000          9999999999      9999999999      0.0000          157.0000        0.0000          114972.6052     
6300000         9999999999      -2008.7305      -194.2995       0.0000          0.0000          9999999999      9999999999      0.0000          157.0000        0.0000          114972.6052     
6400000         9999999999      -2098.4438      -194.2995       0.0000          0.0000          9999999999      9999999999      0.0000          157.0000        0.0000          114972.6052     
6500000         9999999999      -2103.4192      -194.2995       0.0000          0.0000          9999999999      9999999999      0.0000          157.0000        0.0000          114972.6052     
6600000         9999999999      -2144.3375      -194.2995       0.0000          0.0000          9999999999      9999999999      0.0000          157.0000        0.0000          114972.6052     
6700000         9999999999      -2102.3643      -194.2995       0.0000          0.0000          9999999999      9999999999      0.0000          157.0000        0.0000          114972.6052     
6800000         9999999999      -2013.1734      -194.2995       0.0000          0.0000          9999999999      9999999999      0.0000          157.0000        0.0000          114972.6052     
6900000         9999999999      -2113.0685      -194.2995       0.0000          0.0000          9999999999      9999999999      0.0000          157.0000        0.0000          114972.6052     
7000000         9999999999      -1987.2966      -194.2995       0.0000          0.0000          9999999999      9999999999      0.0000          157.0000        0.0000          114972.6052     
7100000         9999999999      -2073.9117      -194.2995       0.0000          0.0000          9999999999      9999999999      0.0000          157.0000        0.0000          114972.6052     
7200000         9999999999      -2113.2196      -194.2995       0.0000          0.0000          9999999999      9999999999      0.0000          157.0000        0.0000          114972.6052     
7300000         9999999999      -2131.9076      -194.2995       0.0000          0.0000          9999999999      9999999999      0.0000          157.0000        0.0000          114972.6052     
7400000         9999999999      -2080.3383      -194.2995       0.0000          0.0000          9999999999      9999999999      0.0000          157.0000        0.0000          114972.6052     
7500000         9999999999      -2131.9557      -194.2995       0.0000          0.0000          9999999999      9999999999      0.0000          157.0000        0.0000          114972.6052     
7600000         9999999999      -2099.3283      -194.2995       0.0000          0.0000          9999999999      9999999999      0.0000          157.0000        0.0000          114972.6052     
7700000         9999999999      -2048.0018      -194.2995       0.0000          0.0000          9999999999      9999999999      0.0000          157.0000        0.0000          114972.6052     
7800000         9999999999      -2077.7439      -194.2995       0.0000          0.0000          9999999999      9999999999      0.0000          157.0000        0.0000          114972.6052     
7900000         9999999999      -2133.7544      -194.2995       0.0000          0.0000          9999999999      9999999999      0.0000          157.0000        0.0000          114972.6052     
8000000         9999999999      -2045.8251      -194.2995       0.0000          0.0000          9999999999      9999999999      0.0000          157.0000        0.0000          114972.6052     
8100000         9999999999      -2031.6479      -194.2995       0.0000          0.0000          9999999999      9999999999      0.0000          157.0000        0.0000          114972.6052     
8200000         9999999999      -2062.8287      -194.2995       0.0000          0.0000          9999999999      9999999999      0.0000          157.0000        0.0000          114972.6052     
8300000         9999999999      -2164.0351      -194.2995       0.0000          0.0000          9999999999      9999999999      0.0000          157.0000        0.0000          114972.6052     
8400000         9999999999      -2131.4897      -194.2995       0.0000          0.0000          9999999999      9999999999      0.0000          157.0000        0.0000          114972.6052     
8500000         9999999999      -2078.9611      -194.2995       0.0000          0.0000          9999999999      9999999999      0.0000          157.0000        0.0000          114972.6052     
8600000         9999999999      -2110.2507      -194.2995       0.0000          0.0000          9999999999      9999999999      0.0000          157.0000        0.0000          114972.6052     
8700000         9999999999      -2063.0624      -194.2995       0.0000          0.0000          9999999999      9999999999      0.0000          157.0000        0.0000          114972.6052     
8800000         9999999999      -2088.4186      -194.2995       0.0000          0.0000          9999999999      9999999999      0.0000          157.0000        0.0000          114972.6052     
8900000         9999999999      -2141.9798      -194.2995       0.0000          0.0000          9999999999      9999999999      0.0000          157.0000        0.0000          114972.6052     
9000000         9999999999      -2108.9966      -194.2995       0.0000          0.0000          9999999999      9999999999      0.0000          157.0000        0.0000          114972.6052     
9100000         9999999999      -2092.8508      -194.2995       0.0000          0.0000          9999999999      9999999999      0.0000          157.0000        0.0000          114972.6052     
9200000         9999999999      -2126.3714      -194.2995       0.0000          0.0000          9999999999      9999999999      0.0000          157.0000        0.0000          114972.6052     
9300000         9999999999      -2055.4099      -194.2995       0.0000          0.0000          9999999999      9999999999      0.0000          157.0000        0.0000          114972.6052     
9400000         9999999999      -2071.2912      -194.2995       0.0000          0.0000          9999999999      9999999999      0.0000          157.0000        0.0000          114972.6052     
9500000         9999999999      -2083.9305      -194.2995       0.0000          0.0000          9999999999      9999999999      0.0000          157.0000        0.0000          114972.6052     
9600000         9999999999      -2021.8379      -194.2995       0.0000          0.0000          9999999999      9999999999      0.0000          157.0000        0.0000          114972.6052     
9700000         9999999999      -2111.8825      -194.2995       0.0000          0.0000          9999999999      9999999999      0.0000          157.0000        0.0000          114972.6052     
9800000         9999999999      -2084.5769      -194.2995       0.0000          0.0000          9999999999      9999999999      0.0000          157.0000        0.0000          114972.6052     
9900000         9999999999      -2095.8167      -194.2995       0.0000          0.0000          9999999999      9999999999      0.0000          157.0000        0.0000          114972.6052     
10000000        9999999999      -2057.2248      -194.2995       0.0000          0.0000          9999999999      9999999999      0.0000          157.0000        0.0000          114972.6052     
10100000        9999999999      -2088.2825      -194.2995       0.0000          0.0000          9999999999      9999999999      0.0000          157.0000        0.0000          114972.6052     
10200000        9999999999      -2183.2233      -194.2995       0.0000          0.0000          9999999999      9999999999      0.0000          157.0000        0.0000          114972.6052     
10300000        9999999999      -2058.3169      -194.2995       0.0000          0.0000          9999999999      9999999999      0.0000          157.0000        0.0000          114972.6052     
10400000        9999999999      -2057.5705      -194.2995       0.0000          0.0000          9999999999      9999999999      0.0000          157.0000        0.0000          114972.6052     
10500000        9999999999      -2074.9989      -194.2995       0.0000          0.0000          9999999999      9999999999      0.0000          157.0000        0.0000          114972.6052     
10600000        9999999999      -2073.1102      -194.2995       0.0000          0.0000          9999999999      9999999999      0.0000          157.0000        0.0000          114972.6052     
10700000        9999999999      -2049.7738      -194.2995       0.0000          0.0000          9999999999      9999999999      0.0000          157.0000        0.0000          114972.6052     
10800000        9999999999      -2067.1021      -194.2995       0.0000          0.0000          9999999999      9999999999      0.0000          157.0000        0.0000          114972.6052     
10900000        9999999999      -2108.9162      -194.2995       0.0000          0.0000          9999999999      9999999999      0.0000          157.0000        0.0000          114972.6052     
11000000        9999999999      -2074.6089      -194.2995       0.0000          0.0000          9999999999      9999999999      0.0000          157.0000        0.0000          114972.6052     
11100000        9999999999      -2094.7699      -194.2995       0.0000          0.0000          9999999999      9999999999      0.0000          157.0000        0.0000          114972.6052     
11200000        9999999999      -2030.7948      -194.2995       0.0000          0.0000          9999999999      9999999999      0.0000          157.0000        0.0000          114972.6052     
11300000        9999999999      -2077.3317      -194.2995       0.0000          0.0000          9999999999      9999999999      0.0000          157.0000        0.0000          114972.6052     
11400000        9999999999      -2090.0331      -194.2995       0.0000          0.0000          9999999999      9999999999      0.0000          157.0000        0.0000          114972.6052     
11500000        9999999999      -2033.0252      -194.2995       0.0000          0.0000          9999999999      9999999999      0.0000          157.0000        0.0000          114972.6052     
11600000        9999999999      -2038.0699      -194.2995       0.0000          0.0000          9999999999      9999999999      0.0000          157.0000        0.0000          114972.6052     
11700000        9999999999      -2149.0996      -194.2995       0.0000          0.0000          9999999999      9999999999      0.0000          157.0000        0.0000          114972.6052     
11800000        9999999999      -2085.9350      -194.2995       0.0000          0.0000          9999999999      9999999999      0.0000          157.0000        0.0000          114972.6052     
11900000        9999999999      -1989.9912      -194.2995       0.0000          0.0000          9999999999      9999999999      0.0000          157.0000        0.0000          114972.6052     
12000000        9999999999      -2055.5774      -194.2995       0.0000          0.0000          9999999999      9999999999      0.0000          157.0000        0.0000          114972.6052     
12100000        9999999999      -2064.8219      -194.2995       0.0000          0.0000          9999999999      9999999999      0.0000          157.0000        0.0000          114972.6052     
12200000        9999999999      -2049.0895      -194.2995       0.0000          0.0000          9999999999      9999999999      0.0000          157.0000        0.0000          114972.6052     
12300000        9999999999      -2152.3469      -194.2995       0.0000          0.0000          9999999999      9999999999      0.0000          157.0000        0.0000          114972.6052     
12400000        9999999999      -2021.0305      -194.2995       0.0000          0.0000          9999999999      9999999999      0.0000          157.0000        0.0000          114972.6052     
12500000        9999999999      -2119.9571      -194.2995       0.0000          0.0000          9999999999      9999999999      0.0000          157.0000        0.0000          114972.6052     
12600000        9999999999      -2133.4300      -194.2995       0.0000          0.0000          9999999999      9999999999      0.0000          157.0000        0.0000          114972.6052     
12700000        9999999999      -2134.1040      -194.2995       0.0000          0.0000          9999999999      9999999999      0.0000          157.0000        0.0000          114972.6052     
12800000        9999999999      -2090.3391      -194.2995       0.0000          0.0000          9999999999      9999999999      0.0000          157.0000        0.0000          114972.6052     
12900000        9999999999      -2130.6529      -194.2995       0.0000          0.0000          9999999999      9999999999      0.0000          157.0000        0.0000          114972.6052     
13000000        9999999999      -2124.7437      -194.2995       0.0000          0.0000          9999999999      9999999999      0.0000          157.0000        0.0000          114972.6052     
13100000        9999999999      -2129.0281      -194.2995       0.0000          0.0000          9999999999      9999999999      0.0000          157.0000        0.0000          114972.6052     
13200000        9999999999      -2082.7927      -194.2995       0.0000          0.0000          9999999999      9999999999      0.0000          157.0000        0.0000          114972.6052     
13300000        9999999999      -2101.0653      -194.2995       0.0000          0.0000          9999999999      9999999999      0.0000          157.0000        0.0000          114972.6052     
13400000        9999999999      -2052.2286      -194.2995       0.0000          0.0000          9999999999      9999999999      0.0000          157.0000        0.0000          114972.6052     
13500000        9999999999      -2146.6204      -194.2995       0.0000          0.0000          9999999999      9999999999      0.0000          157.0000        0.0000          114972.6052     
13600000        9999999999      -2046.0753      -194.2995       0.0000          0.0000          9999999999      9999999999      0.0000          157.0000        0.0000          114972.6052     
13700000        9999999999      -2053.2360      -194.2995       0.0000          0.0000          9999999999      9999999999      0.0000          157.0000        0.0000          114972.6052     
13800000        9999999999      -2076.5446      -194.2995       0.0000          0.0000          9999999999      9999999999      0.0000          157.0000        0.0000          114972.6052     
13900000        9999999999      -1988.7038      -194.2995       0.0000          0.0000          9999999999      9999999999      0.0000          157.0000        0.0000          114972.6052     
14000000        9999999999      -2044.2556      -194.2995       0.0000          0.0000          9999999999      9999999999      0.0000          157.0000        0.0000          114972.6052     
14100000        9999999999      -2161.1104      -194.2995       0.0000          0.0000          9999999999      9999999999      0.0000          157.0000        0.0000          114972.6052     
14200000        9999999999      -2096.0931      -194.2995       0.0000          0.0000          9999999999      9999999999      0.0000          157.0000        0.0000          114972.6052     
14300000        9999999999      -2027.3508      -194.2995       0.0000          0.0000          9999999999      9999999999      0.0000          157.0000        0.0000          114972.6052     
14400000        9999999999      -2088.9341      -194.2995       0.0000          0.0000          9999999999      9999999999      0.0000          157.0000        0.0000          114972.6052     
14500000        9999999999      -2063.5048      -194.2995       0.0000          0.0000          9999999999      9999999999      0.0000          157.0000        0.0000          114972.6052     
14600000        9999999999      -2074.3309      -194.2995       0.0000          0.0000          9999999999      9999999999      0.0000          157.0000        0.0000          114972.6052     
14700000        9999999999      -2026.1053      -194.2995       0.0000          0.0000          9999999999      9999999999      0.0000          157.0000        0.0000          114972.6052     
14800000        9999999999      -2159.4955      -194.2995       0.0000          0.0000          9999999999      9999999999      0.0000          157.0000        0.0000          114972.6052     
14900000        9999999999      -2129.9206      -194.2995       0.0000          0.0000          9999999999      9999999999      0.0000          157.0000        0.0000          114972.6052     
15000000        9999999999      -2093.3161      -194.2995       0.0000          0.0000          9999999999      9999999999      0.0000          157.0000        0.0000          114972.6052     
15100000        9999999999      -1967.5435      -194.2995       0.0000          0.0000          9999999999      9999999999      0.0000          157.0000        0.0000          114972.6052     
15200000        9999999999      -2093.9816      -194.2995       0.0000          0.0000          9999999999      9999999999      0.0000          157.0000        0.0000          114972.6052     
15300000        9999999999      -2138.4002      -194.2995       0.0000          0.0000          9999999999      9999999999      0.0000          157.0000        0.0000          114972.6052     
15400000        9999999999      -2112.4934      -194.2995       0.0000          0.0000          9999999999      9999999999      0.0000          157.0000        0.0000          114972.6052     
15500000        9999999999      -2093.1157      -194.2995       0.0000          0.0000          9999999999      9999999999      0.0000          157.0000        0.0000          114972.6052     
15600000        9999999999      -2072.4668      -194.2995       0.0000          0.0000          9999999999      9999999999      0.0000          157.0000        0.0000          114972.6052     
15700000        9999999999      -2011.4219      -194.2995       0.0000          0.0000          9999999999      9999999999      0.0000          157.0000        0.0000          114972.6052     
15800000        9999999999      -2115.3056      -194.2995       0.0000          0.0000          9999999999      9999999999      0.0000          157.0000        0.0000          114972.6052     
15900000        9999999999      -2010.4849      -194.2995       0.0000          0.0000          9999999999      9999999999      0.0000          157.0000        0.0000          114972.6052     
16000000        9999999999      -2069.1865      -194.2995       0.0000          0.0000          9999999999      9999999999      0.0000          157.0000        0.0000          114972.6052     
16100000        9999999999      -2098.9440      -194.2995       0.0000          0.0000          9999999999      9999999999      0.0000          157.0000        0.0000          114972.6052     
16200000        9999999999      -2140.5158      -194.2995       0.0000          0.0000          9999999999      9999999999      0.0000          157.0000        0.0000          114972.6052     
16300000        9999999999      -2010.2580      -194.2995       0.0000          0.0000          9999999999      9999999999      0.0000          157.0000        0.0000          114972.6052     
16400000        9999999999      -2045.7272      -194.2995       0.0000          0.0000          9999999999      9999999999      0.0000          157.0000        0.0000          114972.6052     
16500000        9999999999      -2034.5722      -194.2995       0.0000          0.0000          9999999999      9999999999      0.0000          157.0000        0.0000          114972.6052     
16600000        9999999999      -2137.4377      -194.2995       0.0000          0.0000          9999999999      9999999999      0.0000          157.0000        0.0000          114972.6052     
16700000        9999999999      -2151.1767      -194.2995       0.0000          0.0000          9999999999      9999999999      0.0000          157.0000        0.0000          114972.6052     
16800000        9999999999      -2002.1337      -194.2995       0.0000          0.0000          9999999999      9999999999      0.0000          157.0000        0.0000          114972.6052     
16900000        9999999999      -2057.4154      -194.2995       0.0000          0.0000          9999999999      9999999999      0.0000          157.0000        0.0000          114972.6052     
17000000        9999999999      -2041.0678      -194.2995       0.0000          0.0000          9999999999      9999999999      0.0000          157.0000        0.0000          114972.6052     
17100000        9999999999      -2094.2269      -194.2995       0.0000          0.0000          9999999999      9999999999      0.0000          157.0000        0.0000          114972.6052     
17200000        9999999999      -2098.8892      -194.2995       0.0000          0.0000          9999999999      9999999999      0.0000          157.0000        0.0000          114972.6052     
17300000        9999999999      -2077.9690      -194.2995       0.0000          0.0000          9999999999      9999999999      0.0000          157.0000        0.0000          114972.6052     
17400000        9999999999      -2045.6068      -194.2995       0.0000          0.0000          9999999999      9999999999      0.0000          157.0000        0.0000          114972.6052     
17500000        9999999999      -2093.5712      -194.2995       0.0000          0.0000          9999999999      9999999999      0.0000          157.0000        0.0000          114972.6052     
17600000        9999999999      -2074.5554      -194.2995       0.0000          0.0000          9999999999      9999999999      0.0000          157.0000        0.0000          114972.6052     
17700000        9999999999      -2144.5517      -194.2995       0.0000          0.0000          9999999999      9999999999      0.0000          157.0000        0.0000          114972.6052     
17800000        9999999999      -2101.2002      -194.2995       0.0000          0.0000          9999999999      9999999999      0.0000          157.0000        0.0000          114972.6052     
17900000        9999999999      -2091.3220      -194.2995       0.0000          0.0000          9999999999      9999999999      0.0000          157.0000        0.0000          114972.6052     
18000000        9999999999      -2060.8724      -194.2995       0.0000          0.0000          9999999999      9999999999      0.0000          157.0000        0.0000          114972.6052     
18100000        9999999999      -2094.2440      -194.2995       0.0000          0.0000          9999999999      9999999999      0.0000          157.0000        0.0000          114972.6052     
18200000        9999999999      -2073.9477      -194.2995       0.0000          0.0000          9999999999      9999999999      0.0000          157.0000        0.0000          114972.6052     
18300000        9999999999      -2113.0392      -194.2995       0.0000          0.0000          9999999999      9999999999      0.0000          157.0000        0.0000          114972.6052     
18400000        9999999999      -2028.6084      -194.2995       0.0000          0.0000          9999999999      9999999999      0.0000          157.0000        0.0000          114972.6052     
18500000        9999999999      -2108.6463      -194.2995       0.0000          0.0000          9999999999      9999999999      0.0000          157.0000        0.0000          114972.6052     
18600000        9999999999      -2086.3570      -194.2995       0.0000          0.0000          9999999999      9999999999      0.0000          157.0000        0.0000          114972.6052     
18700000        9999999999      -2027.7927      -194.2995       0.0000          0.0000          9999999999      9999999999      0.0000          157.0000        0.0000          114972.6052     
18800000        9999999999      -2162.0884      -194.2995       0.0000          0.0000          9999999999      9999999999      0.0000          157.0000        0.0000          114972.6052     
18900000        9999999999      -2042.7232      -194.2995       0.0000          0.0000          9999999999      9999999999      0.0000          157.0000        0.0000          114972.6052     
19000000        9999999999      -2073.8708      -194.2995       0.0000          0.0000          9999999999      9999999999      0.0000          157.0000        0.0000          114972.6052     
19100000        9999999999      -2104.0851      -194.2995       0.0000          0.0000          9999999999      9999999999      0.0000          157.0000        0.0000          114972.6052     
19200000        9999999999      -2060.8275      -194.2995       0.0000          0.0000          9999999999      9999999999      0.0000          157.0000        0.0000          114972.6052     
19300000        9999999999      -2078.6468      -194.2995       0.0000          0.0000          9999999999      9999999999      0.0000          157.0000        0.0000          114972.6052     
19400000        9999999999      -2016.8959      -194.2995       0.0000          0.0000          9999999999      9999999999      0.0000          157.0000        0.0000          114972.6052     
19500000        9999999999      -2103.5265      -194.2995       0.0000          0.0000          9999999999      9999999999      0.0000          157.0000        0.0000          114972.6052     
19600000        9999999999      -2135.9074      -194.2995       0.0000          0.0000          9999999999      9999999999      0.0000          157.0000        0.0000          114972.6052     
19700000        9999999999      -2065.7411      -194.2995       0.0000          0.0000          9999999999      9999999999      0.0000          157.0000        0.0000          114972.6052     
19800000        9999999999      -2119.5112      -194.2995       0.0000          0.0000          9999999999      9999999999      0.0000          157.0000        0.0000          114972.6052     
19900000        9999999999      -2006.2427      -194.2995       0.0000          0.0000          9999999999      9999999999      0.0000          157.0000        0.0000          114972.6052     
20000000        9999999999      -2107.9890      -194.2995       0.0000          0.0000          9999999999      9999999999      0.0000          157.0000        0.0000          114972.6052     
